<?xml version="1.0" encoding="UTF-8"?>
<map version="1.10" tiledversion="1.12.0" orientation="orthogonal" renderorder="right-down" width="28" height="30" tilewidth="128" tileheight="128" infinite="0" nextlayerid="3" nextobjectid="1">
 <tileset firstgid="1" source="../mapdemo.tsx"/>
 <tileset firstgid="257" source="../mapdem2o.tsx"/>
 <tileset firstgid="257" name="tiles" tilewidth="96" tileheight="96" tilecount="0" columns="12">
  <image source="../../../Downloads/Telegram Desktop/stages/tiles.png" width="1152" height="1152"/>
 </tileset>
 <layer id="1" name="Map" width="28" height="30">
  <data encoding="csv">
0,0,0,0,0,0,0,0,0,0,0,0,0,0,0,0,0,0,0,0,18,19,20,0,0,0,0,0,
0,0,0,0,0,0,0,0,0,0,0,0,0,0,0,0,0,0,0,0,36,163,36,0,0,0,0,0,
0,0,0,0,0,0,0,0,0,0,0,0,0,0,0,0,0,0,0,0,36,119,36,0,0,0,0,0,
0,0,0,0,0,0,0,0,0,0,0,0,0,0,0,0,0,0,0,0,36,119,36,0,0,0,0,0,
0,0,0,0,0,0,0,0,0,0,0,0,0,0,0,0,0,0,0,0,36,119,36,0,0,0,0,0,
0,0,0,0,0,0,0,0,0,0,0,0,0,0,0,0,0,0,0,0,34,119,36,0,0,0,0,0,
0,0,0,0,0,0,0,0,0,0,0,0,0,0,0,0,0,0,0,0,34,119,50,19,19,19,19,20,
0,0,0,0,0,0,0,0,0,0,0,0,0,0,0,0,0,0,0,0,34,136,119,119,119,119,151,36,
0,0,0,0,0,0,0,0,0,0,0,0,0,0,0,0,0,0,0,0,50,19,19,19,19,20,119,40,
0,0,0,0,0,0,0,0,0,0,0,0,0,0,0,0,0,0,0,0,0,0,18,19,19,52,119,36,
0,0,0,0,0,0,0,0,0,0,0,0,0,0,0,0,0,0,0,0,0,0,36,152,119,119,119,36,
0,0,0,0,0,0,0,0,0,0,0,0,0,18,19,19,19,19,19,19,19,19,52,119,119,119,135,36,
0,0,0,0,0,0,0,0,0,0,0,0,0,36,118,119,119,119,119,119,119,119,119,101,18,19,19,52,
0,0,0,0,0,0,0,0,0,0,0,0,0,36,119,18,19,19,19,19,19,19,19,19,52,0,0,0,
0,0,0,0,0,0,0,0,0,0,0,0,0,36,119,36,0,0,0,0,0,0,0,0,0,0,0,0,
0,0,0,0,0,0,0,0,0,0,0,0,0,36,119,36,0,0,0,0,0,0,0,0,0,0,0,0,
0,0,0,0,0,0,0,0,0,0,0,0,0,36,119,50,19,19,19,19,19,19,19,19,19,19,20,0,
0,0,0,0,0,0,0,0,0,0,0,0,0,36,136,119,119,119,119,119,118,119,119,119,119,151,36,0,
0,0,0,0,0,0,0,0,0,0,0,0,0,50,51,51,51,51,51,51,51,51,51,51,20,86,36,0,
0,0,0,0,0,0,0,0,0,0,0,0,0,0,0,0,0,0,0,0,0,0,0,0,36,86,36,0,
0,0,0,0,0,0,0,0,18,19,19,19,19,57,19,20,0,0,0,0,0,0,0,0,36,86,36,0,
0,0,0,0,0,0,0,0,36,101,119,119,119,119,119,36,0,0,0,0,0,0,0,0,36,86,36,0,
0,0,0,0,0,0,0,0,36,119,114,114,114,114,119,36,18,19,19,19,20,0,0,0,36,86,36,0,
18,19,19,19,19,19,19,20,36,119,119,119,119,119,119,36,36,152,119,151,36,0,0,0,36,86,36,0,
36,119,119,119,119,119,119,34,36,119,0,119,18,20,119,50,52,119,0,119,36,0,0,0,36,86,36,0,
36,0,0,0,18,20,119,50,52,119,0,119,36,36,118,119,119,119,119,135,36,0,0,0,36,86,36,0,
36,0,0,0,36,34,118,119,119,119,114,119,36,50,51,51,20,119,18,51,52,0,0,0,36,86,36,0,
34,0,0,0,36,50,51,51,20,119,119,119,36,0,0,0,34,119,50,51,51,51,51,51,52,86,36,0,
34,0,164,0,36,0,0,0,50,51,51,51,52,0,0,0,34,136,119,119,119,101,119,119,119,135,36,0,
50,51,51,51,52,0,0,0,0,0,0,0,0,0,0,0,50,51,51,51,51,51,51,51,51,51,52,0
</data>
 </layer>
</map>
